p 95 94 2 7
dam_criteria energy sed_trap status seismic biodiversity ghg dor
node_criteria connectivity sediment
d 326 45.4 0.842021706 0 0.283688201872 0.0695260453123 0.0 1.227301303
d 327 6.8 0.0 0 0.0445786521855 0.00162632042669 0.0 0.0
d 328 73.0 0.891480961 0 0.481488734948 0.1645327728 0.6 1.81532385
d 329 28.05 0.0 0 0.173349805554 0.304455167584 0.0 0.000907331
d 330 156.0 0.0 0 0.976163206867 4.73692368969 0.0 0.027366312
d 331 216.0 0.0 0 1.34584171637 4.94747687972 0.0 0.0
d 332 10.4 0.0 0 0.0640776284163 0.767338251048 0.0 0.0
d 333 37.5 0.0 0 0.232451259681 0.00149517473867 0.0 0.0
d 334 38.1 0.281519489 0 0.233262536762 0.157820148099 0.0 0.165671789
d 335 1587.0 0.555467137 0 9.66740011159 2.00451740117 2.0 1.560339438
d 336 49.95 0.0 0 0.306690801657 0.289530545087 0.0 0.023215815
d 337 170.0 0.815476887 0 1.05043358193 1.58190842752 1.1 6.113170019
d 338 180.0 0.291388138 0 0.804921964767 0.569735773985 0.1 0.139889898
d 339 2.4 0.0 0 0.0115993946408 0.016537600138 0.0 0.0
d 340 3.96 0.029635352 0 0.0167279000355 0.0609228835584 0.0 0.026576802
d 341 2.25 0.01903969 0 0.0116698902343 0.0460243207288 0.0 0.037277745
d 346 198.2 0.0 0 1.22487989584 5.44872031538 0.0 0.140828044
d 347 4.0 0.0 0 0.0252330267833 0.16116269765 0.0 0.028356886
d 348 4.6 0.058160821 0 0.0281868475412 0.0649987701138 0.0 0.012277496
d 349 31.62 0.0 0 0.198339388338 0.1968886194 0.0 0.010899267
d 350 5.6 0.741259576 0 0.0359679978577 0.00115662366437 0.0 0.051581764
d 351 97.67 0.439712067 0 0.595310955502 0.289530545087 0.0 0.235287072
d 352 1440.0 0.63770176 0 8.6399404799 4.61069148398 0.8 1.845414566
d 353 47.0 0.358307218 0 0.232191741843 0.189763106864 0.0 0.181103396
d 354 261.0 0.5685945 0 1.19532940264 0.271374477903 0.1 0.640034122
d 355 1800.0 0.600952337 0 9.99391236911 4.1039354527 1.1 2.24054872
d 356 39.2 0.602964354 0 0.173558846306 0.0192852767456 0.0 0.146618766
d 357 84.7 0.483819594 0 0.40178487907 0.125648443994 0.0 0.273215508
d 358 51.1 0.204646751 0 0.26503203731 0.0464925013128 0.0 0.089739228
d 359 77.3 0.49352419 0 0.400936974274 0.0556423265556 0.0 0.265834077
d 370 460.0 0.04813569 0 2.58278986161 4.10525971891 0.2 0.207605719
d 371 25.0 0.12960504 0 0.154504266382 0.295721658707 0.0 0.021084358
d 372 170.0 0.0 0 1.06378094865 4.54106843282 0.1 0.300383193
d 373 596.0 0.019467918 0 3.67162052595 2.14581650235 0.0 0.103479131
d 374 3600.0 0.725974377 0 21.9152057688 10.8835555873 3.8 11.30334552
d 375 5.85 0.338501767 0 0.0275823182941 0.0147844992232 0.0 0.078263333
d 376 16.8 0.0 0 0.0804480504763 0.12855178957 0.0 0.011057168
d 382 138.0 0.0 0 0.619053023703 0.233430445397 0.0 0.015251019
d 383 10.2 0.0 0 0.0635536366064 0.09088231653 0.0 0.0
d 384 30.0 0.23027516 0 0.137382178655 0.0444736858866 0.0 0.011601601
d 389 9.1 0.263545757 0 0.0396327369138 0.0313792440432 0.0 0.026620801
d 390 456.0 0.761409869 0 2.17431322078 1.0948067171 0.6 6.064728095
d 391 2.24 0.0 0 0.00995068102911 0.00274850313775 0.0 0.0
d 392 4.7 0.0 0 0.0214267782427 0.00563239936056 0.0 0.0
d 393 5.4 0.0 0 0.0240988159886 0.0535930864896 0.0 0.0
d 396 3.18 0.0 0 0.013744235734 0.0179612654617 0.0 0.0
d 397 5.4 0.0 0 0.0208250689931 14.7737479769 0.0 0.0
d 398 5.0 0.0 0 0.0142303925933 0.331920767443 0.0 0.0
d 399 12.67 0.771389738 0 0.0437333027861 0.0744453064308 0.3 0.77910514
d 400 3.59 0.0 0 0.0159765067213 0.00702044385596 0.0 0.0
d 401 4.3 0.0 0 0.0186845010238 0.0319427048796 0.0 0.0
d 419 16.2 0.86549664 0 0.0756488792686 0.135720502338 0.2 3.267090249
d 420 80.0 0.931756298 0 0.400271441605 0.109795214117 1.3 15.19655668
d 421 5.8 0.759711772 0 0.0258535600016 0.0524092902252 0.1 1.158416263
d 422 115.0 0.500440879 0 0.460722120348 1.94310148148 0.8 1.614678518
d 423 345.0 0.75827752 0 1.44955200137 1.9274031452 2.8 6.367122785
d 424 459.0 0.843294381 0 2.03465125169 1.73244456953 5.1 15.97785078
d 425 94.0 0.879102961 0 0.278024362551 0.184665616348 0.8 4.197126725
d 426 264.0 0.899569157 0 0.810621150931 0.295464837348 1.7 7.007030855
d 427 180.0 0.715475234 0 0.715804026381 0.396000104412 1.1 1.429890633
d 428 1000.0 0.746272312 0 4.4059352529 15.5028916189 36.1 22.22035306
d 429 372.0 0.797017365 0 1.71948406408 0.967704562752 1.8 9.049980482
d 430 4.8 0.2522899 0 0.0192810163133 0.729095901768 0.1 0.650346363
d 438 300.0 0.0 0 1.16978561562 15.0061398784 2.7 0.244036673
d 439 1525.0 0.0 0 5.88658618783 14.8222344827 111.4 0.095173564
d 440 4500.0 0.950050541 0 100.759549542 71.056648276 696.9 377.6078245
d 441 1800.0 0.909817409 0 8.59669272237 17.1107304825 111.5 50.99467713
d 442 825.0 0.709180855 0 3.17913738303 7.65947264916 1.9 7.638413944
d 443 350.0 0.556782884 0 1.16086492706 6.92866350308 2.2 3.832125368
d 444 330.0 0.0 0 1.00325020483 6.7792758888 0.0 0.080998793
d 445 600.0 0.822904494 0 1.83696169404 6.76073556188 4.7 20.20600743
d 446 600.0 0.661696285 0 1.79295125335 6.74256905276 4.1 7.500833736
d 447 730.0 0.640182935 0 2.80703747926 7.65483168008 4.6 5.558111931
d 448 340.0 0.378764502 0 0.806757935257 6.248195427 1.1 2.672964613
d 449 915.0 0.681695287 0 2.20334317187 6.1485502082 7.1 10.19346852
d 450 20.0 0.874779516 0 0.0533739588812 0.0690538155164 0.2 0.006484352
d 451 290.0 0.832930034 0 0.789272681574 5.80960475488 7.1 32.01186318
d 452 240.0 0.692768652 0 0.751231697748 4.005086241 2.2 8.228592293
d 453 64.2 0.0 0 0.199521276566 3.99333448164 0.0 0.02412062
d 454 61.0 0.23814048 0 0.189688440107 3.90708639368 0.4 1.187565514
d 455 16.6 0.861590757 0 0.0584286994052 0.0806494328848 0.2 0.015253207
d 456 320.0 0.375580585 0 1.09769560311 3.77439819828 0.5 2.349783385
d 457 240.0 0.745113995 0 0.71358408387 4.41162771408 3.2 11.62174491
d 458 390.0 0.542004592 0 1.51581994065 3.38117354636 1.1 5.234447292
d 459 300.0 0.797166553 0 1.19280423127 2.8122764648 1.9 17.706592
d 460 220.0 0.611038009 0 0.826640960494 2.66219512684 1.0 5.978801549
d 461 140.0 0.802225012 0 0.460916023847 1.26767793933 0.8 7.666023294
d 462 180.0 0.551607175 0 0.583740300803 1.24994063662 0.6 2.038122469
d 463 25.0 0.882439479 0 0.129076736286 0.0449659323016 0.1 1.464885171
d 464 200.0 0.451496107 0 0.632076055329 1.18806991424 0.3 1.527611961
d 465 210.0 0.846278039 0 0.712073151243 0.875699130052 1.1 9.769104381
d 466 160.0 0.776319264 0 0.605083053154 2.49916569296 2.0 16.04148435
d 507 19.9 0.538557156 0 0.080228488051 0.812158014016 0.3 1.165230415
d 508 18.4 0.479090145 0 0.0637305257353 0.812287695916 0.2 1.477768484
n 0 1307296.37419 10.0723879852
n 1 314061.819913 37.1220057371
n 2 1864.4750118 0.254370098381
n 3 1722.11865502 0.318637922338
n 4 210203.509644 11.6778494798
n 5 28667.4665373 5.54340835702
n 6 40765.7458046 4.37906507394
n 7 8839.89458937 0.353436398054
n 8 2879.26204634 0.10559554837
n 9 128570.881866 22.72653495
n 10 289.881480601 0.164764535308
n 11 42.2538149533 0.0166104388451
n 12 171.775959626 0.0627779568791
n 13 532.546136411 0.0102077777049
n 14 329.259654131 0.110914998292
n 15 6601.44287738 2.1991371852
n 16 15523.0004124 3.70973021526
n 17 4967.73864399 0.683002587623
n 18 634.558173213 0.107530156768
n 19 1388.81331104 0.122131336614
n 20 14211.9491153 3.27246803417
n 21 2956.96460478 0.672493628021
n 22 8842.73546011 1.4726009878
n 23 1222.01689288 0.703829558875
n 24 13334.8558376 3.09947637326
n 25 9583.01146405 3.33476436793
n 26 18771.8904295 4.52939096329
n 27 339.828004823 0.0706769594683
n 28 1341.04250915 0.620902734968
n 29 5370.18611662 0.999143136326
n 30 11287.0276588 3.12794530649
n 31 164.929438555 0.0356539441834
n 32 13596.5722631 5.54353213618
n 33 4452.76837105 1.51567478597
n 34 5795.98941384 1.87736700208
n 35 28788.2773463 11.2640319068
n 36 1108.15576584 0.669407207246
n 37 142.107076367 0.106990418521
n 38 519.130072649 0.17731824543
n 39 1704.20767396 0.558433816957
n 40 6460.34499511 1.68061921311
n 41 1313.04124051 0.353122865404
n 42 18798.8885597 4.90637607821
n 43 631.724776102 0.282289113941
n 44 1224.00200221 0.80579398836
n 45 16.7191652515 0.00135442332079
n 46 815.414828723 0.436501032535
n 47 1791.52914945 0.922889391164
n 48 155.76823206 0.194870642887
n 49 6354.52785786 1.01005830858
n 50 1142.31217668 0.968953217604
n 51 11.5694107575 0.00255382758351
n 52 1482.58890322 0.898988296355
n 53 28.8225664 0.000375851285852
n 54 2175.36759149 1.94962205093
n 55 1996.01050695 0.941756263942
n 56 4111.70151777 2.10938726905
n 57 16672.0243608 5.07043694917
n 58 8.30451767148 0.00696308289225
n 59 673.021586577 0.416562236153
n 60 166.536616639 0.000973987704546
n 61 28849.3042926 5.1310026502
n 62 1792.7844467 0.206069984994
n 63 574.327319665 0.225302767017
n 64 546.02352478 0.322625802654
n 65 3847.16317984 0.967773136604
n 66 5807.99476268 2.16577086768
n 67 1713.95369445 0.973317083366
n 68 207.576915641 0.0851939122815
n 69 146.470622205 0.0133352779669
n 70 1756.22394584 0.468907462093
n 71 380.804458177 0.525944159106
n 72 2352.75155154 0.993628264134
n 73 30056.2788835 10.1402299311
n 74 5481.52491762 2.50965102394
n 75 1282.11208557 0.580624331816
n 76 6.53057 0.00228500617876
n 77 5.28211691711 0.0138580300912
n 78 369.502219185 0.379429261832
n 79 1518.44859906 1.68206272806
n 80 8907.00752691 3.72085736242
n 81 3618.38135222 1.11751114961
n 82 2163.0046971 1.14717530173
n 83 1170.36767529 0.0213584582341
n 84 6840.57799302 0.29906431584
n 85 32722.732905 3.31851545501
n 86 617.833705097 0.060050936558
n 87 988.407876012 0.596875674564
n 88 2241.53056854 0.299210530469
n 89 4478.97934876 2.21370712299
n 90 6913.93033733 2.2523388355
n 91 18901.7000607 7.62732604454
n 92 1547.15795965 0.480289040132
n 93 57.1085362972 0.0322803000227
n 94 147.664502935 0.0684394382747
r 0
e 56 57 337
e 42 43 401
e 60 61 355
e 61 62 382
e 61 63 340
e 61 64 384
e 61 65 354
e 61 66 338
e 61 67 353
e 53 54 351
e 83 84 423
e 82 89 425
e 69 79 371
e 81 90 429
e 84 85 424
e 84 86 389
e 85 87 421
e 85 88 419
e 24 25 457
e 24 26 507
e 25 27 452
e 27 28 453
e 20 21 448
e 21 22 449
e 22 23 450
e 22 24 451
e 49 60 370
e 47 48 375
e 45 46 341
e 28 29 454
e 29 30 456
e 40 41 465
e 41 42 508
e 1 80 427
e 1 81 390
e 1 82 426
e 1 83 422
e 0 1 428
e 0 2 420
e 0 3 346
e 0 4 440
e 3 69 329
e 3 70 331
e 5 49 352
e 5 50 334
e 5 51 333
e 5 52 349
e 5 53 336
e 5 55 373
e 4 5 374
e 4 6 441
e 7 8 439
e 6 7 438
e 9 10 356
e 9 11 376
e 9 12 359
e 9 13 442
e 9 14 396
e 9 15 398
e 8 9 397
e 39 40 464
e 38 39 462
e 73 74 332
e 73 75 347
e 73 76 327
e 73 77 328
e 72 73 372
e 70 71 383
e 70 72 330
e 91 92 393
e 91 93 391
e 90 91 430
e 92 94 392
e 11 47 357
e 13 16 447
e 12 45 358
e 17 18 444
e 16 17 443
e 19 20 446
e 18 19 445
e 31 44 399
e 30 31 455
e 30 32 458
e 35 36 463
e 35 37 400
e 35 38 461
e 34 35 466
e 33 34 460
e 55 56 335
e 74 78 348
e 32 33 459
e 57 58 350
e 57 59 326
e 65 68 339
