p 170 169 2 7
dam_criteria energy sed_trap status seismic biodiversity ghg dor
node_criteria connectivity sediment
d 63 29.9 0.513192071 0 0.0107198553169 0.524713433942 0.3 1.063354693
d 64 30.0 0.0 0 0.000454047532283 1.82438954243 0.1 0.12342497
d 65 29.0 0.0 0 0.00108430517226 1.44714003606 0.0 0.0
d 66 13.0 0.031498074 0 0.000185208855111 1.79252500405 0.3 0.16592903
d 67 21.0 0.03732024 0 0.000205670054232 1.5731080497 0.3 0.284587515
d 68 16.0 0.119369041 0 0.000142493436004 1.5561698222 0.4 0.472020223
d 69 18.6 0.000251473 0 0.000182158285034 1.58063830388 0.3 0.208134618
d 70 18.0 0.392034843 0 0.000802189720913 0.556908539534 0.1 0.841161208
d 71 22.0 0.086291014 0 0.000763875561498 0.543389876593 0.1 0.250304514
d 72 29.0 0.216830937 0 0.00100703611972 0.53706109071 0.3 0.46200442
d 73 17.0 0.0 0 0.000136210716167 1.52312063648 0.1 0.164500238
d 74 74.5 0.84559828 0 0.01867974046 1.81301295658 25.7 13.67108914
d 75 8.0 0.398586001 0 9.98766424618e-05 0.328971229764 0.1 0.59431568
d 76 5.0 0.484726364 0 3.60266409288e-05 0.71397504 0.2 0.714225401
d 95 700.0 0.376476764 0 0.00748668004162 25.9539467198 8.4 2.42844418
d 96 14.0 0.739288735 0 0.000101666912768 0.33110440209 0.9 1.952847899
d 97 15.0 0.582941837 0 0.000120715597146 0.39678147495 0.4 0.90108612
d 98 9.0 0.885277561 0 0.000128099573593 0.113094498825 0.4 5.556218799
d 99 13.0 0.832424702 0 0.000120413883741 0.15675576503 1.4 2.326381672
d 100 10.0 0.618321647 0 8.98976319621e-05 0.424396768635 0.7 0.744944639
d 101 6.0 0.0 0 5.34140478946e-05 0.72788358132 0.0 0.0
d 102 19.5 0.0 0 0.00286434063272 1.78517738007 0.0 0.053108017
d 103 1820.0 0.305019109 0 0.0226889111416 25.6990780809 19.1 2.291513165
d 104 300.0 0.574423069 0 0.0612186016505 10.3231603535 21.9 6.770359182
d 105 1.52 0.75133239 0 0.000247195920329 0.107308864404 0.1 0.942798027
d 119 3509.0 0.562661145 0 0.0156497794277 34.7569776736 36.2 7.603231313
d 120 1461.0 0.175123438 0 0.00780535763832 34.2309561888 13.6 2.286242998
d 121 1248.0 0.653267038 0 0.00786660557873 31.5808082912 131.1 15.98873615
d 122 1.88 0.558580258 0 0.000145310363987 0.0941337162528 0.2 0.342124319
d 123 206.0 0.766605817 0 0.148728540112 2.07028009009 4.2 6.214406036
d 124 194.0 0.338584882 0 0.0152399454506 20.5442823078 21.0 2.618711295
d 125 415.0 0.409384813 0 0.0288592016318 13.4775603832 11.5 1.681529485
d 126 140.0 0.44356134 0 0.0581663222091 7.0410708151 12.1 2.1120875
d 127 510.0 0.418608508 0 0.0177438837885 21.9996265331 28.0 3.102595151
d 128 29.7 0.728602594 0 0.00728593522171 0.615434989586 1.5 2.064234373
d 129 241.2 0.798522753 0 0.0583173939881 5.59633442107 41.5 8.885603086
d 130 73.0 0.375952036 0 0.00104047653823 1.37657700906 0.6 0.342200414
d 131 64.0 0.209761939 0 0.000968832400751 1.85917651399 0.3 0.303700294
d 132 3.3 0.0 0 3.52538328624e-05 0.368595107713 0.0 0.010900124
d 133 17.5 0.662283013 0 0.00278520370534 0.44624890092 0.9 2.113227727
d 134 134.0 0.85520091 0 0.0890995811738 2.97768568948 36.8 17.71448754
d 135 4.9 0.183748848 0 3.92771730568e-05 0.304629539444 0.2 0.24709352
d 136 4.4 0.0 0 3.52547064574e-05 0.301835841269 0.0 0.076130486
d 137 3.4 0.0 0 3.63219846036e-05 0.367684626246 0.0 0.00984001
d 138 30.0 0.221302179 0 0.00112228384765 1.55959551541 0.6 0.239821975
d 139 46.0 0.168581671 0 0.000450556327486 1.56346062923 0.3 0.572783694
d 140 6.5 0.0 0 6.36518848967e-05 1.62234041242 0.1 0.018378841
d 141 22.0 0.384862588 0 0.000196365176078 1.54508005912 1.5 1.49437187
d 142 7.0 0.0 0 4.98533430072e-05 1.48411374777 0.1 0.04191663
d 143 30.0 0.0 0 0.000774512228966 0.327256598986 0.0 0.106557971
d 144 18.6 0.721124221 0 0.00186429426158 0.357798920903 0.8 3.148670684
d 145 24.0 0.524538258 0 0.000903491049086 1.44493280274 2.1 1.167043483
d 146 24.0 0.788806744 0 0.000569842608806 0.27858075042 1.4 1.431090133
d 147 3.0 0.156319981 0 8.54870785882e-05 0.12269443702 0.0 0.02559027
d 148 35.0 0.325255649 0 0.00786340804654 2.19624269529 0.9 1.305333144
d 149 24.9 0.854723471 0 0.00221463771592 0.629992866166 6.8 6.345282124
d 150 24.4 0.657883863 0 0.000664352407901 1.26157236221 3.1 2.596146766
d 151 14.0 0.62755384 0 0.000604211199668 0.497822763471 1.4 2.219858898
d 152 24.5 0.0 0 0.000458033243384 0.40170686133 0.0 0.086004674
d 153 107.0 0.787870415 0 0.00126526611101 1.30680135655 3.3 3.966351538
d 154 5.0 0.297750724 0 0.00011579000736 0.110988215018 0.0 0.098311423
d 155 1.9 0.264498951 0 3.55411327959e-05 0.062647366397 0.0 0.12839728
d 156 2.1 0.885791017 0 3.94496437969e-05 0.00064802595082 0.0 0.036534625
d 157 9.5 0.212234845 0 6.76709181751e-05 0.197040502987 0.0 0.297565626
d 158 4.6 0.0 0 6.14270666623e-05 0.111002210518 0.0 0.028501829
d 159 4.3 0.066417892 0 5.74246212618e-05 0.117289591902 0.0 0.048301768
d 160 225.0 0.677474276 0 0.0290102930135 13.2835362766 71.7 7.760820694
d 161 4.75 0.077617945 0 6.34343178916e-05 0.118149095853 0.0 0.041987557
d 162 3.2 0.877935781 0 4.29892954148e-05 0.00153037016383 0.0 0.114393578
d 163 12.5 0.784980595 0 0.000612590907703 0.23009162464 1.5 4.026298961
d 164 23.0 0.744153797 0 0.00142737633678 0.196127790773 0.5 1.23748758
d 165 1.75 0.0 0 2.33692854975e-05 0.054212964775 0.0 0.022635764
d 166 1.15 0.824651596 0 1.34237625139e-05 0.0267351356 0.2 1.951119834
d 167 5.45 0.40591589 0 6.31033572313e-05 0.048294953363 0.0 0.248054586
d 168 1.3 0.249166272 0 1.73796180949e-05 0.095872282898 0.1 0.060947242
d 169 5.35 0.0 0 6.66786932631e-05 0.071189577092 0.1 0.030452866
d 170 20.5 0.632509922 0 0.000385947889335 0.39909136619 1.2 1.705286519
d 171 8.0 0.795939294 0 0.000472389970923 0.21001282823 1.2 3.532496704
d 172 13.08 0.905068746 0 0.000127958377934 0.098337743702 1.7 2.144462886
d 173 3.5 0.174520798 0 1.8701121525e-05 0.172356690175 0.1 0.256146405
d 174 61.0 0.747726764 0 0.00273876833983 1.41034300231 8.8 4.31667938
d 175 16.0 0.531085676 0 0.000128606183184 0.34892767849 0.6 1.260237282
d 176 25.6 0.65899911 0 0.000463364069145 1.11450415213 2.4 3.531731126
d 177 117.0 0.717790386 0 0.00444222692684 2.52545587137 2.8 5.121505366
d 201 275.0 0.724641128 0 0.00346505330326 4.33510938315 7.6 1.22537543
d 202 30.0 0.0 0 0.00440671664282 1.7820279436 0.1 0.116025965
d 203 8.0 0.0 0 0.000477238679728 2.23482620466 0.6 0.142200493
d 204 27.0 0.0 0 0.00545634394817 1.23757396056 0.1 0.077273003
d 205 400.0 0.791001542 0 0.050335955969 9.3896560548 42.0 27.94412931
d 206 53.0 0.666965955 0 0.000527588102548 2.36105261595 7.6 9.412488069
d 207 15.0 0.190322647 0 5.34328023539e-05 2.45319101275 0.3 0.018676846
d 208 23.0 0.540198833 0 8.22140231993e-05 2.44634894461 1.0 0.171844139
d 209 6133.0 0.419610369 0 0.0218619928328 470.878650387 92.0 6.087020826
d 210 2338.0 0.252860122 0 0.00833052509017 136.490781233 82.3 3.278724809
d 211 881.0 0.610980213 0 0.00314672923835 12.8294912767 9.4 4.301870965
d 212 528.0 0.596102151 0 0.00188832960218 12.5494474609 14.9 5.244431752
d 213 802.0 0.751992899 0 0.00510771815268 18.710778163 53.5 3.471928465
d 214 227.0 0.688078609 0 0.000827397073314 11.9780640269 54.3 10.56964274
d 215 3336.0 0.368833707 0 0.0118904749687 120.296255564 78.5 7.209731486
d 225 150.0 0.51030066 0 0.0045590326981 6.16291120337 10.2 2.761224074
d 226 252.0 0.091083292 0 0.0150331065868 10.7087866416 4.2 0.375547665
d 227 34.0 0.320891602 0 0.000211948704214 0.51737117327 0.1 0.577255309
d 228 53.0 0.911162839 0 0.000770749782065 0.851574735415 13.9 14.09240881
d 229 68.0 0.316797111 0 0.0024847613029 3.48588046889 2.8 1.160252631
d 230 26.0 0.0 0 0.000972156787346 1.52899136535 0.1 0.060610712
d 231 75.0 0.201568807 0 0.00768355919943 6.05220505314 5.7 0.264100104
d 232 9.8 0.791730854 0 3.54374933411e-05 0.289944813062 0.2 1.008422579
d 233 24.5 0.881063566 0 9.02410447415e-05 0.271894933465 0.3 4.155893615
d 234 4.0 0.820900419 0 1.49031339408e-05 0.220364193369 0.4 2.185039784
d 235 14.0 0.371455532 0 4.99218751432e-05 2.07122326824 0.7 0.226308833
d 236 10.7 0.0 0 3.81035827966e-05 1.81757620761 0.1 0.067138068
d 237 40.0 0.463616766 0 0.000142547190626 1.603906646 0.2 0.564912187
d 238 30.0 0.707417405 0 0.000107278766053 0.717588118219 0.2 1.2188843
d 239 6.0 0.817893595 0 2.21702716776e-05 0.283327569939 0.4 0.378550907
d 240 5.5 0.803615479 0 2.0198067637e-05 0.273470335853 0.3 0.933175781
d 241 6.8 0.592658207 0 2.42624492356e-05 0.238994322376 0.1 0.479900395
d 242 10.1 0.252479374 0 3.59683557946e-05 0.224378917702 0.0 0.124490984
d 243 3.0 0.837687362 0 1.141249607e-05 0.17900195289 0.4 1.963963261
d 244 3.4 0.870812041 0 1.30900605285e-05 0.116632599532 0.2 0.010980136
d 245 3.0 0.902350359 0 1.30396270717e-05 0.11023381304 0.4 1.309775243
d 246 8.8 0.874716837 0 3.22079937675e-05 0.0936643550702 0.1 2.162045908
d 247 1.35 0.860390672 0 5.35444592268e-06 0.083287705398 0.3 2.320850369
d 248 34.0 0.693674963 0 0.000122248239931 2.17959253496 1.5 1.090416306
d 249 22.5 0.677267482 0 8.05323347113e-05 0.907034860065 0.4 0.463281936
d 250 11.5 0.678097925 0 4.12794193275e-05 0.718581635962 0.5 0.670919146
d 251 9.5 0.511077562 0 3.38914385038e-05 0.62344610975 0.2 0.403865548
d 252 22.0 0.81249787 0 7.99203928376e-05 0.60960733087 0.5 2.495306237
d 253 7.0 0.382734011 0 2.49474341591e-05 0.575914247965 0.1 0.341551903
d 254 5.8 0.796871151 0 2.1000396379e-05 0.172122519928 0.1 0.612047175
d 255 5.1 0.77943832 0 1.8386577106e-05 0.145162158921 0.1 0.79147109
d 256 1.65 0.857162901 0 6.51250784747e-06 0.104281086235 0.3 1.46086989
d 257 9.6 0.459274331 0 3.42491119562e-05 0.970158828091 0.4 0.209836568
d 258 8.2 0.645483007 0 2.94886311895e-05 0.877729605421 0.9 1.023954897
d 259 6.9 0.78046022 0 2.51187965418e-05 0.347383136958 0.4 1.550507354
d 260 1.45 0.821045154 0 5.49538280567e-06 0.110680021895 0.4 0.931302479
d 261 7.5 0.802296588 0 2.78767031153e-05 0.532965443118 0.7 1.601568117
d 262 9.0 0.570931644 0 3.21247568816e-05 0.459518923218 0.1 0.659958074
d 269 9.4 0.427728692 0 7.53978084409e-05 0.223515175842 0.1 0.300083048
d 270 5.2 0.550930931 0 3.71366679583e-05 0.113521170641 0.1 0.461053008
d 271 7.9 0.853369368 0 4.35941766416e-05 0.0511317808785 0.1 2.584824214
d 278 4.05 0.615648963 0 2.91889757063e-05 0.193026512491 0.5 1.922598774
d 279 3.41 0.461090746 0 2.74396436499e-05 0.217446478488 0.3 0.984442579
d 280 3.88 0.527196824 0 3.13039087063e-05 0.233228954593 0.5 1.295087691
d 281 4.45 0.56990035 0 3.99879233519e-05 0.250878565902 0.6 1.425704899
d 282 3.32 0.41087865 0 3.56052776974e-05 0.283045936843 0.5 0.700310806
d 283 4.24 0.56171662 0 5.34593311741e-05 0.317558639805 1.0 1.097205709
d 284 10.0 0.186443045 0 0.000124663440427 0.328577576198 0.1 0.254682351
d 285 12.53 0.424786791 0 0.000167557319381 0.349069150002 0.2 0.573122663
d 286 17.04 0.655464752 0 0.000230167385798 0.533905805416 1.1 2.622138657
d 287 10.65 0.290808736 0 0.000161323713071 0.5440849045 0.3 0.525323723
d 288 21.76 0.702362801 0 0.000453121812209 0.615330975766 1.5 2.528619161
d 289 13.2 0.387806096 0 0.000306107940502 0.65530363565 0.6 0.503448283
d 290 14.85 0.357771565 0 0.00039715679319 0.690549894705 0.5 0.335800989
d 291 18.38 0.0 0 0.000572706855854 0.694573573423 0.1 0.049320448
d 292 24.15 0.295358463 0 0.000752883528034 0.717085976647 0.3 0.143666305
d 305 13.0 0.63487992 0 6.97740140945e-05 0.208782052174 0.2 1.618238681
d 306 10.0 0.245354395 0 5.34284225964e-05 0.218141485453 0.1 0.298039577
d 307 5.5 0.123596183 0 0.00123416489143 0.318106188205 0.1 0.015269437
d 308 6.7 0.411679966 0 0.00111170039259 0.30045378162 0.4 0.220132297
d 309 6.6 0.371832808 0 0.000723685123861 0.26883024694 0.3 0.316519075
d 310 8.9 0.686143591 0 0.000745038263191 0.196168084312 0.5 1.137373166
d 311 5.9 0.473947354 0 0.000436958519114 0.181765890645 0.2 0.587373181
d 312 6.5 0.586142398 0 0.000482757128465 0.174212167534 0.3 1.040821362
d 313 6.5 0.624422656 0 0.000483581940565 0.163826916392 0.3 1.32129694
d 314 2.55 0.943260333 0 2.17983798828e-05 0.0141282781196 0.3 6.019760901
d 319 11.8 0.313859682 0 0.000663102271239 1.20687683917 1.2 1.089738376
d 320 28.0 0.447385521 0 0.00299942738877 1.40879866113 1.1 1.824794501
d 321 23.8 0.168168168 0 0.00640083731952 1.42414594623 0.4 0.525991682
d 322 21.9 0.390651263 0 0.00758935013313 2.04985720989 2.7 1.534246671
n 0 367812.904824 0
n 1 2065.00612855 0.000677931738473
n 2 93.4413460514 1.1362017961e-05
n 3 62.0825543241 9.872781044e-06
n 4 2342.48983557 0.00109520055469
n 5 282.82808585 6.48416734592e-06
n 6 118349.438646 0.00942632954479
n 7 111775.792247 0.0407847046228
n 8 323833.838106 0.0382307484418
n 9 517235.353581 0.138799348558
n 10 66103.72006 0.0101718213966
n 11 45691.9169703 0.0120480701104
n 12 13669.6492943 0.00291623897637
n 13 284869.468012 0.102808505835
n 14 2440.19339063 0.00654473103618
n 15 1330.74380015 0.0010681332044
n 16 23265.4651097 0.00612788653968
n 17 1817.43372533 0.00390649343307
n 18 121624.002736 0
n 19 64090.8159377 0.0677299740724
n 20 11351.842593 0.00249591979426
n 21 2182.78406347 0
n 22 869.485008996 7.077473795e-05
n 23 4528.1631171 0
n 24 26021.4394561 0.0025313111416
n 25 233.882143379 0.000535225315096
n 26 1968.29666599 0.00480370220847
n 27 595.398542156 0.00113200831237
n 28 1125.07093809 0.00194610793753
n 29 6099.08798919 0.0203419708073
n 30 1331.86237744 0.00292171703445
n 31 816.515767617 0.00432816866792
n 32 12523.3013328 0.000890166815153
n 33 61.8420621019 5.67064861509e-05
n 34 9597.26477669 0
n 35 22305.3803457 0.00443778555885
n 36 73677.9994024 0.00858380488924
n 37 148017.079725 0.013726205594
n 38 2643.21434416 0.00587183412103
n 39 38097.275278 0.0237113875741
n 40 49371.279822 0.0229218357696
n 41 13158.0377705 0.00311450325372
n 42 14674.5175426 0.00144539773367
n 43 19379.7477757 0
n 44 66932.5837497 0
n 45 2828.75426579 0
n 46 23201.0938834 0.00314987985551
n 47 1015.0436855 0
n 48 737.93442113 0.0002910789567
n 49 14852.0285379 0.00432876878213
n 50 400.719085569 0
n 51 3213.25023621 0
n 52 3798.45125332 0.00349671373384
n 53 2747.37830269 0.00876937246754
n 54 5336.0237119 0.0292541573234
n 55 190.811528505 0.000142646271441
n 56 12498.8306769 0.0493680016053
n 57 1150.40152774 0.000645642727145
n 58 2028.05434159 0.00170387977374
n 59 822.194077534 0.000354731748098
n 60 397.81981825 0.000205165868735
n 61 566.794338906 0.000369866850782
n 62 4754.82108539 0.00772347224782
n 63 2093.40326583 0.00067431057519
n 64 2735.29679606 0.0020491709949
n 65 11117.0232271 0.00745256871522
n 66 105640.583407 0.0340616890505
n 67 5630.53251386 0.00252374453231
n 68 68257.2116588 0.0823149907184
n 69 1963.65616972 0
n 70 1091.19992531 0
n 71 900.718215302 0.000276666502799
n 72 4862.3784456 0.00388814710038
n 73 1156.41503897 0.000759310000263
n 74 380.982448142 0.000116258791921
n 75 431.94866815 0.000359603959701
n 76 354.461006737 0
n 77 440.892693429 9.18265836312e-05
n 78 777.539176382 0.00118831614432
n 79 1452.55714307 0.00481570785371
n 80 23094.7404341 0.116503273202
n 81 2.836584 4.95191535563e-06
n 82 1736.06509288 0
n 83 86.9469075893 0
n 84 8389.08044574 0.00799777015398
n 85 7420.71727627 0.0293414700477
n 86 252.58355941 0.00171253320589
n 87 1012.22651529 0.00556671188606
n 88 4789.83762923 0.0259470828301
n 89 1836.8741447 0
n 90 95.0392200212 0
n 91 2446.7026826 0.00415759496745
n 92 4787.91625056 0.0276974507867
n 93 581.993115418 0.000320893720243
n 94 25600.4194259 0.072714375874
n 95 1086.20104356 2.04698742508e-05
n 96 1760.71671495 0.000834049691157
n 97 313.509293257 7.17944204656e-05
n 98 4501.51161234 0.00555321660095
n 99 4660.02112445 0.00265119347648
n 100 27612.6456733 0.117444858559
n 101 143.147527822 0
n 102 851.382614522 0.000370012913716
n 103 995.68951008 0.00120869615749
n 104 1457.28513842 0.00379325625748
n 105 332.057134739 0.000448024577943
n 106 3734.8221028 0.0147784126246
n 107 488.052843137 0.00118490280593
n 108 17.7337307433 1.9068272925e-05
n 109 184.182547211 0.000458620122468
n 110 988.040225392 0.00242900784651
n 111 847.939406189 0.00316435517538
n 112 537.557518288 0.00193584095612
n 113 437.669871479 0.00172944709445
n 114 696.404986966 0.00333662856333
n 115 4798.40604305 0.0225901737211
n 116 149990.523532 0
n 117 54659.2987902 0.0154212618525
n 118 7115.05035456 0.0115705683529
n 119 187.558224103 8.07602631546e-05
n 120 453.059810738 0
n 121 24970.3797575 0.00802049566934
n 122 7537.20542358 0.0159861426216
n 123 2168.65549019 0.00113655794536
n 124 5689.570805 0.000573064886927
n 125 3432.03172272 0.00350289923813
n 126 1606.07547536 0.00133129582504
n 127 2155.17753972 0.00285688029987
n 128 9.57742278851 3.3959475939e-05
n 129 6096.48824428 0.00313988720801
n 130 1283.15187665 0.00285567527015
n 131 41.5715798484 9.03628130914e-05
n 132 178.780123927 0.000430372723009
n 133 1207.31166887 0.00320225337245
n 134 1858.54413005 0.0104105716364
n 135 306.120471969 0.000421405238767
n 136 36.4844560243 0.000140265944232
n 137 752.808682499 0.00251273284961
n 138 793.652783479 0.0057320732321
n 139 12250.6641955 0.00208743738114
n 140 19730.1745438 0.00453888695157
n 141 219852.219391 0.149418644999
n 142 12266.9690586 0.00464625883347
n 143 385.864624405 0.000363771455186
n 144 2002.43257262 0.00314873152992
n 145 1070.20590774 0.00128987609434
n 146 768.168196438 0.000300717677119
n 147 3088.30555167 0.00279783827537
n 148 1222.39579569 0.000708274217033
n 149 594.537963001 0.000646967172293
n 150 535.481922796 0.000985561922914
n 151 175.427220021 7.9426689097e-05
n 152 268.591526952 0.00025244766605
n 153 2046.88200101 0.0028412028878
n 154 128.754248657 0.000253747222131
n 155 197.527300062 0.000428755109374
n 156 542.128589226 0.000849297917487
n 157 148.852904555 6.7972433544e-05
n 158 86.7195636864 7.930949223e-05
n 159 451.022185744 0.00078104230683
n 160 178.437228245 8.727427514e-05
n 161 86.1696240454 0.000130708965233
n 162 206.890627575 0.000369508243389
n 163 877.521882024 0.00136676871483
n 164 1088.84057161 9.6047646473e-05
n 165 4646.56606524 0
n 166 3915.45257217 0.00333774320312
n 167 213.609223366 0.000182726468555
n 168 270.831712254 0.00031113528338
n 169 1033.38295615 0.000851316477168
r 0
e 133 134 169
e 132 133 158
e 131 132 159
e 130 135 165
e 130 136 162
e 137 138 166
e 135 137 167
e 165 166 238
e 165 167 232
e 139 140 212
e 26 30 270
e 27 28 97
e 20 21 105
e 20 22 321
e 22 23 320
e 23 24 319
e 160 161 241
e 28 29 96
e 161 162 242
e 0 1 235
e 0 2 239
e 0 3 244
e 0 4 248
e 0 5 207
e 0 6 209
e 4 145 249
e 4 146 257
e 8 9 215
e 119 129 170
e 120 126 154
e 121 122 175
e 121 123 146
e 122 125 172
e 123 124 164
e 126 127 155
e 127 128 156
e 129 130 168
e 129 131 161
e 59 60 311
e 58 59 310
e 55 56 72
e 57 58 309
e 51 52 151
e 50 55 71
e 53 54 171
e 52 53 143
e 164 165 237
e 114 115 278
e 89 90 135
e 111 112 281
e 110 111 282
e 113 114 279
e 112 113 280
e 82 83 132
e 82 84 228
e 83 89 137
e 80 81 76
e 86 87 305
e 87 88 173
e 84 85 227
e 85 86 306
e 3 157 245
e 7 139 211
e 108 109 284
e 109 110 283
e 102 103 289
e 103 104 288
e 101 102 290
e 106 107 285
e 107 108 75
e 104 105 287
e 105 106 286
e 39 116 126
e 39 117 123
e 33 34 202
e 32 33 102
e 30 31 271
e 37 39 226
e 37 40 127
e 36 37 121
e 36 38 122
e 34 35 204
e 60 61 312
e 61 62 313
e 63 64 133
e 64 65 144
e 66 67 229
e 66 68 225
e 67 93 292
e 67 94 177
e 68 69 130
e 68 70 131
e 69 82 153
e 2 160 240
e 162 163 243
e 6 7 213
e 6 8 210
e 99 100 176
e 98 99 150
e 168 169 234
e 91 92 157
e 90 91 136
e 93 101 291
e 167 168 233
e 95 96 230
e 94 95 138
e 97 98 145
e 96 97 65
e 11 32 203
e 10 36 120
e 13 14 99
e 13 15 101
e 13 16 104
e 13 17 98
e 12 13 103
e 15 26 269
e 15 27 100
e 16 18 205
e 19 25 314
e 18 19 206
e 18 20 322
e 116 118 163
e 116 119 152
e 116 120 147
e 116 121 174
e 151 152 252
e 150 151 251
e 153 154 254
e 152 153 253
e 155 156 256
e 154 155 255
e 157 158 246
e 158 159 247
e 48 57 308
e 49 50 70
e 49 51 149
e 46 47 148
e 47 48 307
e 47 49 74
e 44 45 128
e 44 46 134
e 45 63 63
e 42 66 160
e 43 44 129
e 40 41 124
e 41 42 125
e 41 43 231
e 1 164 236
e 5 142 208
e 9 10 119
e 9 11 201
e 9 12 95
e 146 147 258
e 147 148 259
e 145 150 250
e 142 143 261
e 143 144 262
e 140 141 214
e 148 149 260
e 77 78 141
e 76 77 68
e 75 76 139
e 74 75 67
e 73 74 69
e 72 73 140
e 71 72 66
e 70 71 64
e 79 80 142
e 78 79 73
