p 55 54 2 7
dam_criteria energy sed_trap status seismic biodiversity ghg dor
node_criteria connectivity sediment
d 402 113.68 0.803929076 1 0.614575269686 0.527653671054 0.6 3.793776492
d 403 134.0 0.869751884 1 0.693622937361 0.412002437985 0.9 6.900901148
d 404 5.9 0.0 1 0.0288355737559 0.458652235148 0.0 0.0
d 405 43.0 0.0 1 0.210042731238 0.500922929001 0.0 0.0
d 406 152.0 0.0 1 0.732734667343 0.617311908146 0.0 0.044261517
d 407 13.33 0.0 1 0.0649233775483 0.644376337885 0.0 0.0
d 408 54.4 0.567056915 1 0.301649084422 0.28694821056 0.4 3.660503101
d 409 9.0 0.0 1 0.0497311492923 0.310747077216 0.0 0.0
d 410 5.6 0.0 1 0.0273693581412 0.449284261912 0.0 0.0
d 411 9.0 0.95589148 1 0.147541908307 0.00627624935328 0.6 15.37322501
d 412 513.0 0.0 1 2.16792580312 1.43008509984 2.6 0.345789125
d 413 3.84 0.0 1 0.0210442802457 0.0657838681632 0.0 0.0
d 414 798.0 0.0 1 3.58897673936 0.908097929952 0.1 0.162356041
d 415 192.0 0.558726298 1 0.560892793773 1.95013712121 0.7 3.233451942
d 416 210.0 0.587150964 1 0.86259287104 1.36150418016 2.3 5.432665797
d 417 6.2 0.796985264 1 0.0239753726459 0.108530304079 0.0 2.273665647
d 418 3.86 0.505701326 1 0.0191104295125 0.0280883211484 0.0 0.772496531
d 468 4.0 0.927100696 0 0.0171874493298 0.00551243693088 0.0 1.868778175
d 469 300.0 0.924225733 0 1.96135669679 0.90783524788 6.1 9.760043293
d 470 100.0 0.961482604 0 0.62101311996 0.00903938376315 0.3 4.048568907
d 471 192.0 0.906675549 0 0.987736685037 0.36439385828 1.4 3.154310026
d 472 20.0 0.854341526 1 0.107370120418 0.106595672254 0.2 2.050554682
d 473 10.0 0.719343815 1 0.0490927456019 0.103975472416 0.1 0.25219125
d 474 10.0 0.816659008 1 0.049348001415 0.0582900696636 0.1 0.193389734
d 475 579.0 0.48062693 0 2.24508712165 38.7264771008 8.9 5.555271181
d 476 607.0 0.843715872 0 3.27377678027 4.81769243658 8.4 7.596217935
d 477 64.0 0.702357402 0 0.31539513209 0.544303303425 0.3 0.574053911
d 478 195.0 0.937882383 0 0.979122860223 0.112098845678 0.9 4.479038865
d 479 1286.0 0.723353941 0 5.09905480311 37.5506403404 28.0 20.6399725
d 480 620.0 0.515176356 0 2.9813860301 36.3545089632 9.6 9.188913377
d 481 97.5 0.0 0 0.470184286198 0.396290890519 0.8 0.024548747
d 482 1379.0 0.849095797 0 6.39434365441 28.3833637449 95.8 48.66299146
d 483 286.0 0.503231016 0 1.22367025901 1.50888226464 1.8 3.089891208
d 484 800.0 0.737876249 0 3.06259460092 1.69319101536 6.5 6.733624286
d 485 750.0 0.738298649 0 2.73376243806 1.74028244448 4.4 5.407645526
d 486 20.0 0.865403141 0 0.0599872121341 0.0144546424146 0.2 2.476671195
d 487 62.06 0.242293782 0 0.144902318651 2.15845905569 0.2 0.891988828
d 488 19.42 0.224639764 0 0.0453685690811 2.27988135024 0.2 0.867732852
d 489 280.0 0.547957984 0 0.822633477997 1.96505582263 0.6 2.977968313
d 490 327.9 0.777313211 0 0.536199595021 3.70899987686 4.3 9.80279542
d 491 49.7 0.302261721 0 0.130637273672 1.99469873158 0.2 1.098192492
d 492 188.59 0.728559207 0 0.545356473473 1.88758894229 1.5 8.123868954
d 493 90.7 0.505778258 0 0.238659601978 2.1510664729 0.6 2.569466527
d 494 1074.0 0.816846449 0 4.00919097205 25.0576625872 13.0 39.97241597
d 495 100.0 0.371115205 0 0.336587318197 2.01565892603 1.8 3.737630938
d 496 942.0 0.836660948 0 1.73665092895 6.89129078778 13.5 22.7291964
d 497 268.0 0.585473404 0 1.0166906686 0.425393129216 1.0 2.814195535
d 498 150.0 0.825106994 0 0.518218634088 0.44035274605 0.7 7.729558401
d 499 69.9 0.699538036 0 0.23884513636 0.461287476706 0.3 2.635817348
d 500 98.7 0.761645047 0 0.370513552125 0.22525071638 1.3 0.917111551
d 501 350.0 0.610436569 0 1.19892310904 0.51641848664 1.6 2.46101151
d 502 750.0 0.846321851 0 2.38116936667 0.49434815556 7.6 17.35167833
d 503 20.0 0.345781787 0 0.0759535599983 0.40745395558 0.3 1.077138471
d 509 12.8 0.224800322 1 0.06253816473 0.460378259293 0.0 0.181193887
n 0 1810426.50716 24.5619117156
n 1 60.7515116166 0.0113511961562
n 2 41502.4850655 0.232040579021
n 3 57301.2571882 14.9428491158
n 4 17123.7594479 0.541531654555
n 5 30925.8289395 9.68415715386
n 6 1889.30643809 1.09159032114
n 7 206.701007346 0.0717233842988
n 8 3003.3011969 1.78306583769
n 9 769.382768883 0.314397297787
n 10 469.639073886 0.139472515206
n 11 1765.27008153 0.668240625236
n 12 33773.8475538 8.65987450763
n 13 2044.9888881 0.476803387715
n 14 1199.74464441 0.167872279785
n 15 9730.00569952 1.91706162443
n 16 49534.5150215 1.56879328154
n 17 56229.5033039 4.69220840381
n 18 83799.4658658 6.7557871182
n 19 41070.7392608 6.86526839201
n 20 1069.96260048 0.416189444409
n 21 860.858278952 0.115461731593
n 22 670.583617048 0.316204405239
n 23 4778.86395747 2.5499234012
n 24 82.1093112446 0.0467064747674
n 25 1813.37980022 0.690650473755
n 26 5500.09292063 2.78417941389
n 27 996.410947505 0.331297387502
n 28 144.912130799 0.019044709672
n 29 106.181554319 0.084681347314
n 30 5863.42869659 2.17060150596
n 31 415.152066246 0.421478638315
n 32 856.181679158 0.48108657247
n 33 1283.27097857 0.598311412899
n 34 1792.51576507 0.960348876258
n 35 5382.35803168 2.88287450606
n 36 89317.3745942 9.17758450556
n 37 7842.91611095 1.39221316411
n 38 1600.48737007 0.850801004239
n 39 84193.7942922 22.1963669776
n 40 7144.77190698 1.54726980159
n 41 43495.3878143 12.4883443987
n 42 2864.10659819 0.734220713492
n 43 73590.1230437 9.1677457439
n 44 4770.33279202 0.761383348744
n 45 115059.145165 19.0705279475
n 46 25076.8308628 6.64506251512
n 47 10395.8526611 3.03464818459
n 48 12241.259332 2.3292293653
n 49 72778.0304075 12.6429582464
n 50 67859.9185317 10.902686723
n 51 4582.3860305 0.400567353
n 52 578.964545083 0.180385756766
n 53 7631.72700157 1.30631543649
n 54 33116.5862036 2.32131933519
r 0
e 42 43 503
e 43 44 418
e 25 26 403
e 27 28 509
e 21 33 406
e 22 27 405
e 49 50 414
e 46 47 483
e 47 48 412
e 28 29 404
e 29 30 410
e 40 45 502
e 0 1 468
e 0 2 475
e 0 3 496
e 0 4 469
e 3 5 490
e 2 16 479
e 5 6 488
e 7 8 493
e 6 7 487
e 9 10 489
e 8 9 491
e 51 54 408
e 11 12 492
e 10 11 415
e 39 40 501
e 39 41 500
e 39 42 497
e 12 13 417
e 12 14 499
e 14 15 498
e 17 18 482
e 17 19 476
e 16 17 480
e 19 20 472
e 19 21 407
e 19 22 477
e 19 23 471
e 19 24 470
e 19 25 402
e 18 36 494
e 31 32 474
e 30 31 473
e 37 46 484
e 36 37 485
e 36 38 486
e 36 39 495
e 33 34 478
e 33 35 481
e 48 49 416
e 50 51 409
e 50 52 411
e 50 53 413
