p 173 172 2 7
dam_criteria energy sed_trap status seismic biodiversity ghg dor
node_criteria connectivity sediment
d 326 45.4 0.842021706 1 0.283688201872 0.0695260453123 0.0 1.227301303
d 327 6.8 0.0 1 0.0445786521855 0.00162632042669 0.0 0.0
d 328 73.0 0.891480961 1 0.481488734948 0.1645327728 0.6 1.81532385
d 329 28.05 0.0 1 0.173349805554 0.304455167584 0.0 0.000907331
d 330 156.0 0.0 1 0.976163206867 4.73692368969 0.0 0.027366312
d 331 216.0 0.0 1 1.34584171637 4.94747687972 0.0 0.0
d 332 10.4 0.0 1 0.0640776284163 0.767338251048 0.0 0.0
d 333 37.5 0.0 1 0.232451259681 0.00149517473867 0.0 0.0
d 334 38.1 0.281519489 1 0.233262536762 0.157820148099 0.0 0.165671789
d 335 1587.0 0.555467137 1 9.66740011159 2.00451740117 2.0 1.560339438
d 336 49.95 0.0 1 0.306690801657 0.289530545087 0.0 0.023215815
d 337 170.0 0.815476887 1 1.05043358193 1.58190842752 1.1 6.113170019
d 338 180.0 0.291388138 1 0.804921964767 0.569735773985 0.1 0.139889898
d 339 2.4 0.0 1 0.0115993946408 0.016537600138 0.0 0.0
d 340 3.96 0.029635352 1 0.0167279000355 0.0609228835584 0.0 0.026576802
d 341 2.25 0.01903969 1 0.0116698902343 0.0460243207288 0.0 0.037277745
d 342 10.32 0.515374247 1 0.0575327794212 0.0110223359666 0.0 0.03034373
d 343 2.15 0.0 1 0.0123280957892 0.0131042543798 0.0 0.0
d 344 6.2 0.256457215 1 0.0359656531042 0.0307665635855 0.0 0.00574559
d 345 1500.0 0.0 1 7.16148850712 2.96657731412 0.4 0.020222233
d 346 198.2 0.0 0 1.22487989584 5.44872031538 0.0 0.140828044
d 347 4.0 0.0 0 0.0252330267833 0.16116269765 0.0 0.028356886
d 348 4.6 0.058160821 0 0.0281868475412 0.0649987701138 0.0 0.012277496
d 349 31.62 0.0 0 0.198339388338 0.1968886194 0.0 0.010899267
d 350 5.6 0.741259576 0 0.0359679978577 0.00115662366437 0.0 0.051581764
d 351 97.67 0.439712067 0 0.595310955502 0.289530545087 0.0 0.235287072
d 352 1440.0 0.63770176 0 8.6399404799 4.61069148398 0.8 1.845414566
d 353 47.0 0.358307218 0 0.232191741843 0.189763106864 0.0 0.181103396
d 354 261.0 0.5685945 0 1.19532940264 0.271374477903 0.1 0.640034122
d 355 1800.0 0.600952337 0 9.99391236911 4.1039354527 1.1 2.24054872
d 356 39.2 0.602964354 0 0.173558846306 0.0192852767456 0.0 0.146618766
d 357 84.7 0.483819594 0 0.40178487907 0.125648443994 0.0 0.273215508
d 358 51.1 0.204646751 0 0.26503203731 0.0464925013128 0.0 0.089739228
d 359 77.3 0.49352419 0 0.400936974274 0.0556423265556 0.0 0.265834077
d 360 25.6 0.096191358 0 0.127012385213 0.626723371889 0.0 0.122571081
d 361 40.1 0.05278814 0 0.182278435216 0.715086848262 0.0 0.086453329
d 362 9.27 0.0 0 0.046833650666 0.454446409615 0.0 0.008905239
d 363 3.0 0.36279957 0 0.0160434986815 0.00932793427476 0.0 0.010980886
d 364 24.2 0.230732336 0 0.136999863583 0.158769975604 0.0 0.049388393
d 365 27.0 0.0 0 0.149385861198 0.216685505717 0.0 0.01091018
d 366 270.0 0.546085192 0 1.64563105515 0.335401991238 0.1 0.46424587
d 367 26.0 0.325283543 0 0.166495023529 0.092504268402 0.0 0.079100327
d 368 1172.0 0.598381375 0 7.04441170488 1.49819608721 0.3 1.087274382
d 369 748.0 0.644906959 0 4.50866353645 0.736775204104 0.2 0.517650715
d 370 460.0 0.04813569 0 2.58278986161 4.10525971891 0.2 0.207605719
d 371 25.0 0.12960504 0 0.154504266382 0.295721658707 0.0 0.021084358
d 372 170.0 0.0 0 1.06378094865 4.54106843282 0.1 0.300383193
d 373 596.0 0.019467918 0 3.67162052595 2.14581650235 0.0 0.103479131
d 374 3600.0 0.725974377 0 21.9152057688 10.8835555873 3.8 11.30334552
d 375 5.85 0.338501767 0 0.0275823182941 0.0147844992232 0.0 0.078263333
d 376 16.8 0.0 0 0.0804480504763 0.12855178957 0.0 0.011057168
d 377 6.6 0.437090895 0 0.0337435259145 0.0569186797986 0.0 0.052845498
d 378 14.7 0.056602591 0 0.085272421116 0.254336390116 0.0 0.05774299
d 379 18.7 0.0 0 0.102181816387 0.125912510368 0.0 0.031560618
d 380 30.0 0.402211583 0 0.180739514429 0.135146334612 0.0 0.181124869
d 381 22.28 0.592485029 0 0.117008629465 0.161685827669 0.0 0.102863634
d 382 138.0 0.0 1 0.619053023703 0.233430445397 0.0 0.015251019
d 383 10.2 0.0 1 0.0635536366064 0.09088231653 0.0 0.0
d 384 30.0 0.23027516 1 0.137382178655 0.0444736858866 0.0 0.011601601
d 385 49.71 0.267129733 1 0.200347131803 0.508978192664 0.0 0.191320153
d 386 7.59 0.278495292 1 0.0435222344745 0.0341623289588 0.0 0.019358515
d 387 50.0 0.120647473 1 0.278734770767 0.287502005617 0.0 0.06136106
d 388 39.5 0.429548129 1 0.19668828276 0.147747542477 0.0 0.138403136
d 389 9.1 0.263545757 1 0.0396327369138 0.0313792440432 0.0 0.026620801
d 390 456.0 0.761409869 1 2.17431322078 1.0948067171 0.6 6.064728095
d 391 2.24 0.0 1 0.00995068102911 0.00274850313775 0.0 0.0
d 392 4.7 0.0 1 0.0214267782427 0.00563239936056 0.0 0.0
d 393 5.4 0.0 1 0.0240988159886 0.0535930864896 0.0 0.0
d 396 3.18 0.0 1 0.013744235734 0.0179612654617 0.0 0.0
d 397 5.4 0.0 1 0.0208250689931 14.7737479769 0.0 0.0
d 398 5.0 0.0 1 0.0142303925933 0.331920767443 0.0 0.0
d 399 12.67 0.771389738 1 0.0437333027861 0.0744453064308 0.3 0.77910514
d 400 3.59 0.0 1 0.0159765067213 0.00702044385596 0.0 0.0
d 401 4.3 0.0 1 0.0186845010238 0.0319427048796 0.0 0.0
d 402 113.68 0.803929076 1 0.614575269686 0.527653671054 0.6 3.793776492
d 403 134.0 0.869751884 1 0.693622937361 0.412002437985 0.9 6.900901148
d 404 5.9 0.0 1 0.0288355737559 0.458652235148 0.0 0.0
d 405 43.0 0.0 1 0.210042731238 0.500922929001 0.0 0.0
d 406 152.0 0.0 1 0.732734667343 0.617311908146 0.0 0.044261517
d 407 13.33 0.0 1 0.0649233775483 0.644376337885 0.0 0.0
d 408 54.4 0.567056915 1 0.301649084422 0.28694821056 0.4 3.660503101
d 409 9.0 0.0 1 0.0497311492923 0.310747077216 0.0 0.0
d 410 5.6 0.0 1 0.0273693581412 0.449284261912 0.0 0.0
d 411 9.0 0.95589148 1 0.147541908307 0.00627624935328 0.6 15.37322501
d 412 513.0 0.0 1 2.16792580312 1.43008509984 2.6 0.345789125
d 413 3.84 0.0 1 0.0210442802457 0.0657838681632 0.0 0.0
d 414 798.0 0.0 1 3.58897673936 0.908097929952 0.1 0.162356041
d 415 192.0 0.558726298 1 0.560892793773 1.95013712121 0.7 3.233451942
d 416 210.0 0.587150964 1 0.86259287104 1.36150418016 2.3 5.432665797
d 417 6.2 0.796985264 1 0.0239753726459 0.108530304079 0.0 2.273665647
d 418 3.86 0.505701326 1 0.0191104295125 0.0280883211484 0.0 0.772496531
d 419 16.2 0.86549664 0 0.0756488792686 0.135720502338 0.2 3.267090249
d 420 80.0 0.931756298 0 0.400271441605 0.109795214117 1.3 15.19655668
d 421 5.8 0.759711772 0 0.0258535600016 0.0524092902252 0.1 1.158416263
d 422 115.0 0.500440879 0 0.460722120348 1.94310148148 0.8 1.614678518
d 423 345.0 0.75827752 0 1.44955200137 1.9274031452 2.8 6.367122785
d 424 459.0 0.843294381 0 2.03465125169 1.73244456953 5.1 15.97785078
d 425 94.0 0.879102961 0 0.278024362551 0.184665616348 0.8 4.197126725
d 426 264.0 0.899569157 0 0.810621150931 0.295464837348 1.7 7.007030855
d 427 180.0 0.715475234 0 0.715804026381 0.396000104412 1.1 1.429890633
d 428 1000.0 0.746272312 0 4.4059352529 15.5028916189 36.1 22.22035306
d 429 372.0 0.797017365 0 1.71948406408 0.967704562752 1.8 9.049980482
d 430 4.8 0.2522899 0 0.0192810163133 0.729095901768 0.1 0.650346363
d 438 300.0 0.0 0 1.16978561562 15.0061398784 2.7 0.244036673
d 439 1525.0 0.0 0 5.88658618783 14.8222344827 111.4 0.095173564
d 440 4500.0 0.950050541 0 100.759549542 71.056648276 696.9 377.6078245
d 441 1800.0 0.909817409 0 8.59669272237 17.1107304825 111.5 50.99467713
d 442 825.0 0.709180855 0 3.17913738303 7.65947264916 1.9 7.638413944
d 443 350.0 0.556782884 0 1.16086492706 6.92866350308 2.2 3.832125368
d 444 330.0 0.0 0 1.00325020483 6.7792758888 0.0 0.080998793
d 445 600.0 0.822904494 0 1.83696169404 6.76073556188 4.7 20.20600743
d 446 600.0 0.661696285 0 1.79295125335 6.74256905276 4.1 7.500833736
d 447 730.0 0.640182935 0 2.80703747926 7.65483168008 4.6 5.558111931
d 448 340.0 0.378764502 0 0.806757935257 6.248195427 1.1 2.672964613
d 449 915.0 0.681695287 0 2.20334317187 6.1485502082 7.1 10.19346852
d 450 20.0 0.874779516 0 0.0533739588812 0.0690538155164 0.2 0.006484352
d 451 290.0 0.832930034 0 0.789272681574 5.80960475488 7.1 32.01186318
d 452 240.0 0.692768652 0 0.751231697748 4.005086241 2.2 8.228592293
d 453 64.2 0.0 0 0.199521276566 3.99333448164 0.0 0.02412062
d 454 61.0 0.23814048 0 0.189688440107 3.90708639368 0.4 1.187565514
d 455 16.6 0.861590757 0 0.0584286994052 0.0806494328848 0.2 0.015253207
d 456 320.0 0.375580585 0 1.09769560311 3.77439819828 0.5 2.349783385
d 457 240.0 0.745113995 0 0.71358408387 4.41162771408 3.2 11.62174491
d 458 390.0 0.542004592 0 1.51581994065 3.38117354636 1.1 5.234447292
d 459 300.0 0.797166553 0 1.19280423127 2.8122764648 1.9 17.706592
d 460 220.0 0.611038009 0 0.826640960494 2.66219512684 1.0 5.978801549
d 461 140.0 0.802225012 0 0.460916023847 1.26767793933 0.8 7.666023294
d 462 180.0 0.551607175 0 0.583740300803 1.24994063662 0.6 2.038122469
d 463 25.0 0.882439479 1 0.129076736286 0.0449659323016 0.1 1.464885171
d 464 200.0 0.451496107 0 0.632076055329 1.18806991424 0.3 1.527611961
d 465 210.0 0.846278039 0 0.712073151243 0.875699130052 1.1 9.769104381
d 466 160.0 0.776319264 0 0.605083053154 2.49916569296 2.0 16.04148435
d 467 154.1 0.0 0 0.0160531567974 42.3508833475 13.0 0.209714613
d 468 4.0 0.927100696 0 0.0171874493298 0.00551243693088 0.0 1.868778175
d 469 300.0 0.924225733 0 1.96135669679 0.90783524788 6.1 9.760043293
d 470 100.0 0.961482604 0 0.62101311996 0.00903938376315 0.3 4.048568907
d 471 192.0 0.906675549 0 0.987736685037 0.36439385828 1.4 3.154310026
d 472 20.0 0.854341526 1 0.107370120418 0.106595672254 0.2 2.050554682
d 473 10.0 0.719343815 1 0.0490927456019 0.103975472416 0.1 0.25219125
d 474 10.0 0.816659008 1 0.049348001415 0.0582900696636 0.1 0.193389734
d 475 579.0 0.48062693 0 2.24508712165 38.7264771008 8.9 5.555271181
d 476 607.0 0.843715872 0 3.27377678027 4.81769243658 8.4 7.596217935
d 477 64.0 0.702357402 0 0.31539513209 0.544303303425 0.3 0.574053911
d 478 195.0 0.937882383 0 0.979122860223 0.112098845678 0.9 4.479038865
d 479 1286.0 0.723353941 0 5.09905480311 37.5506403404 28.0 20.6399725
d 480 620.0 0.515176356 0 2.9813860301 36.3545089632 9.6 9.188913377
d 481 97.5 0.0 0 0.470184286198 0.396290890519 0.8 0.024548747
d 482 1379.0 0.849095797 0 6.39434365441 28.3833637449 95.8 48.66299146
d 483 286.0 0.503231016 0 1.22367025901 1.50888226464 1.8 3.089891208
d 484 800.0 0.737876249 0 3.06259460092 1.69319101536 6.5 6.733624286
d 485 750.0 0.738298649 0 2.73376243806 1.74028244448 4.4 5.407645526
d 486 20.0 0.865403141 0 0.0599872121341 0.0144546424146 0.2 2.476671195
d 487 62.06 0.242293782 0 0.144902318651 2.15845905569 0.2 0.891988828
d 488 19.42 0.224639764 0 0.0453685690811 2.27988135024 0.2 0.867732852
d 489 280.0 0.547957984 0 0.822633477997 1.96505582263 0.6 2.977968313
d 490 327.9 0.777313211 0 0.536199595021 3.70899987686 4.3 9.80279542
d 491 49.7 0.302261721 0 0.130637273672 1.99469873158 0.2 1.098192492
d 492 188.59 0.728559207 0 0.545356473473 1.88758894229 1.5 8.123868954
d 493 90.7 0.505778258 0 0.238659601978 2.1510664729 0.6 2.569466527
d 494 1074.0 0.816846449 0 4.00919097205 25.0576625872 13.0 39.97241597
d 495 100.0 0.371115205 0 0.336587318197 2.01565892603 1.8 3.737630938
d 496 942.0 0.836660948 0 1.73665092895 6.89129078778 13.5 22.7291964
d 497 268.0 0.585473404 0 1.0166906686 0.425393129216 1.0 2.814195535
d 498 150.0 0.825106994 0 0.518218634088 0.44035274605 0.7 7.729558401
d 499 69.9 0.699538036 0 0.23884513636 0.461287476706 0.3 2.635817348
d 500 98.7 0.761645047 0 0.370513552125 0.22525071638 1.3 0.917111551
d 501 350.0 0.610436569 0 1.19892310904 0.51641848664 1.6 2.46101151
d 502 750.0 0.846321851 0 2.38116936667 0.49434815556 7.6 17.35167833
d 503 20.0 0.345781787 0 0.0759535599983 0.40745395558 0.3 1.077138471
d 507 19.9 0.538557156 1 0.080228488051 0.812158014016 0.3 1.165230415
d 508 18.4 0.479090145 1 0.0637305257353 0.812287695916 0.2 1.477768484
d 509 12.8 0.224800322 1 0.06253816473 0.460378259293 0.0 0.181193887
n 0 3533971.81946 34.4987205035
n 1 60.7515116166 0.0113511961562
n 2 41502.4850655 0.232040579021
n 3 57301.2571882 14.9428491158
n 4 17123.7594479 0.541531654555
n 5 314061.819913 37.1220057371
n 6 1864.4750118 0.254370098381
n 7 1722.11865502 0.318637922338
n 8 210203.509644 11.6778494798
n 9 650394.913891 10.3469611758
n 10 1931.84467361 0.902521166016
n 11 624.109404525 0.278738703057
n 12 3221.03723001 2.48329265431
n 13 6294.50699594 3.32850448145
n 14 435.198282585 0.316390187223
n 15 268.136583794 0.0138010141836
n 16 476.222904635 0.0388539597807
n 17 9323.59480422 4.2511982295
n 18 2690.0039391 1.88773776833
n 19 900.492405775 0.722724574077
n 20 671.15366044 1.04247579798
n 21 282.724571914 0.245665860567
n 22 31.3724086643 0.0431156752783
n 23 30.7579989386 0.0583555392783
n 24 243.636277026 0.347095905181
n 25 945.976127644 0.722347319903
n 26 133.590743876 0.06297389804
n 27 142.609462315 0.111760112326
n 28 68.4693261489 0.0490791326339
n 29 560.624517436 0.216951453498
n 30 1391.88325824 1.08172041597
n 31 470.524743701 0.352619283769
n 32 3295.23546025 1.85995684599
n 33 28667.4665373 5.54340835702
n 34 40765.7458046 4.37906507394
n 35 8839.89458937 0.353436398054
n 36 2879.26204634 0.10559554837
n 37 128570.881866 22.72653495
n 38 289.881480601 0.164764535308
n 39 42.2538149533 0.0166104388451
n 40 171.775959626 0.0627779568791
n 41 532.546136411 0.0102077777049
n 42 329.259654131 0.110914998292
n 43 6601.44287738 2.1991371852
n 44 15523.0004124 3.70973021526
n 45 4967.73864399 0.683002587623
n 46 634.558173213 0.107530156768
n 47 1388.81331104 0.122131336614
n 48 14211.9491153 3.27246803417
n 49 2956.96460478 0.672493628021
n 50 8842.73546011 1.4726009878
n 51 1222.01689288 0.703829558875
n 52 13334.8558376 3.09947637326
n 53 9583.01146405 3.33476436793
n 54 18771.8904295 4.52939096329
n 55 339.828004823 0.0706769594683
n 56 1341.04250915 0.620902734968
n 57 5370.18611662 0.999143136326
n 58 11287.0276588 3.12794530649
n 59 164.929438555 0.0356539441834
n 60 13596.5722631 5.54353213618
n 61 4452.76837105 1.51567478597
n 62 5795.98941384 1.87736700208
n 63 28788.2773463 11.2640319068
n 64 1108.15576584 0.669407207246
n 65 142.107076367 0.106990418521
n 66 519.130072649 0.17731824543
n 67 1704.20767396 0.558433816957
n 68 6460.34499511 1.68061921311
n 69 1313.04124051 0.353122865404
n 70 18798.8885597 4.90637607821
n 71 631.724776102 0.282289113941
n 72 1224.00200221 0.80579398836
n 73 16.7191652515 0.00135442332079
n 74 815.414828723 0.436501032535
n 75 1791.52914945 0.922889391164
n 76 155.76823206 0.194870642887
n 77 6354.52785786 1.01005830858
n 78 1142.31217668 0.968953217604
n 79 11.5694107575 0.00255382758351
n 80 1482.58890322 0.898988296355
n 81 28.8225664 0.000375851285852
n 82 2175.36759149 1.94962205093
n 83 1996.01050695 0.941756263942
n 84 4111.70151777 2.10938726905
n 85 16672.0243608 5.07043694917
n 86 8.30451767148 0.00696308289225
n 87 673.021586577 0.416562236153
n 88 166.536616639 0.000973987704546
n 89 28849.3042926 5.1310026502
n 90 1792.7844467 0.206069984994
n 91 574.327319665 0.225302767017
n 92 546.02352478 0.322625802654
n 93 3847.16317984 0.967773136604
n 94 5807.99476268 2.16577086768
n 95 1713.95369445 0.973317083366
n 96 207.576915641 0.0851939122815
n 97 146.470622205 0.0133352779669
n 98 1756.22394584 0.468907462093
n 99 380.804458177 0.525944159106
n 100 2352.75155154 0.993628264134
n 101 30056.2788835 10.1402299311
n 102 5481.52491762 2.50965102394
n 103 1282.11208557 0.580624331816
n 104 6.53057 0.00228500617876
n 105 5.28211691711 0.0138580300912
n 106 369.502219185 0.379429261832
n 107 1518.44859906 1.68206272806
n 108 8907.00752691 3.72085736242
n 109 3618.38135222 1.11751114961
n 110 2163.0046971 1.14717530173
n 111 1170.36767529 0.0213584582341
n 112 6840.57799302 0.29906431584
n 113 32722.732905 3.31851545501
n 114 617.833705097 0.060050936558
n 115 988.407876012 0.596875674564
n 116 2241.53056854 0.299210530469
n 117 4478.97934876 2.21370712299
n 118 6913.93033733 2.2523388355
n 119 18901.7000607 7.62732604454
n 120 1547.15795965 0.480289040132
n 121 57.1085362972 0.0322803000227
n 122 147.664502935 0.0684394382747
n 123 30925.8289395 9.68415715386
n 124 1889.30643809 1.09159032114
n 125 206.701007346 0.0717233842988
n 126 3003.3011969 1.78306583769
n 127 769.382768883 0.314397297787
n 128 469.639073886 0.139472515206
n 129 1765.27008153 0.668240625236
n 130 33773.8475538 8.65987450763
n 131 2044.9888881 0.476803387715
n 132 1199.74464441 0.167872279785
n 133 9730.00569952 1.91706162443
n 134 49534.5150215 1.56879328154
n 135 56229.5033039 4.69220840381
n 136 83799.4658658 6.7557871182
n 137 41070.7392608 6.86526839201
n 138 1069.96260048 0.416189444409
n 139 860.858278952 0.115461731593
n 140 670.583617048 0.316204405239
n 141 4778.86395747 2.5499234012
n 142 82.1093112446 0.0467064747674
n 143 1813.37980022 0.690650473755
n 144 5500.09292063 2.78417941389
n 145 996.410947505 0.331297387502
n 146 144.912130799 0.019044709672
n 147 106.181554319 0.084681347314
n 148 5863.42869659 2.17060150596
n 149 415.152066246 0.421478638315
n 150 856.181679158 0.48108657247
n 151 1283.27097857 0.598311412899
n 152 1792.51576507 0.960348876258
n 153 5382.35803168 2.88287450606
n 154 89317.3745942 9.17758450556
n 155 7842.91611095 1.39221316411
n 156 1600.48737007 0.850801004239
n 157 84193.7942922 22.1963669776
n 158 7144.77190698 1.54726980159
n 159 43495.3878143 12.4883443987
n 160 2864.10659819 0.734220713492
n 161 73590.1230437 9.1677457439
n 162 4770.33279202 0.761383348744
n 163 115059.145165 19.0705279475
n 164 25076.8308628 6.64506251512
n 165 10395.8526611 3.03464818459
n 166 12241.259332 2.3292293653
n 167 72778.0304075 12.6429582464
n 168 67859.9185317 10.902686723
n 169 4582.3860305 0.400567353
n 170 578.964545083 0.180385756766
n 171 7631.72700157 1.30631543649
n 172 33116.5862036 2.32131933519
r 0
e 132 133 498
e 130 131 417
e 130 132 499
e 137 138 472
e 137 139 407
e 137 140 477
e 137 141 471
e 137 142 470
e 137 143 402
e 136 154 494
e 135 136 482
e 135 137 476
e 134 135 480
e 139 151 406
e 166 167 416
e 25 26 344
e 25 27 386
e 26 28 343
e 21 25 378
e 0 1 468
e 0 2 475
e 0 3 496
e 0 4 469
e 0 5 428
e 0 6 420
e 0 7 346
e 0 8 440
e 0 9 467
e 8 33 374
e 8 34 441
e 120 122 392
e 123 124 488
e 124 125 487
e 125 126 493
e 126 127 491
e 127 128 489
e 128 129 415
e 129 130 492
e 59 72 399
e 58 59 455
e 58 60 458
e 55 56 453
e 57 58 456
e 56 57 454
e 50 51 450
e 50 52 451
e 53 55 452
e 52 53 457
e 52 54 507
e 88 89 355
e 89 90 382
e 89 91 340
e 89 92 384
e 89 93 354
e 89 94 338
e 89 95 353
e 111 112 423
e 110 117 425
e 113 115 421
e 113 116 419
e 112 113 424
e 112 114 389
e 83 84 335
e 81 82 351
e 119 120 393
e 119 121 391
e 118 119 430
e 84 85 337
e 85 86 350
e 85 87 326
e 3 123 490
e 7 97 329
e 7 98 331
e 109 118 429
e 102 106 348
e 100 101 372
e 101 102 332
e 101 103 347
e 101 104 327
e 101 105 328
e 39 75 357
e 33 77 352
e 33 78 334
e 33 79 333
e 33 80 349
e 33 81 336
e 33 83 373
e 37 38 356
e 37 39 376
e 37 40 359
e 37 41 442
e 37 42 396
e 37 43 398
e 36 37 397
e 35 36 439
e 34 35 438
e 60 61 459
e 61 62 460
e 62 63 466
e 63 64 463
e 63 65 400
e 63 66 461
e 66 67 462
e 67 68 464
e 68 69 465
e 69 70 508
e 2 134 479
e 98 99 383
e 98 100 330
e 168 169 409
e 168 170 411
e 168 171 413
e 169 172 408
e 164 165 483
e 165 166 412
e 93 96 339
e 167 168 414
e 160 161 503
e 161 162 418
e 97 107 371
e 11 32 360
e 13 30 366
e 12 31 367
e 15 29 379
e 17 18 362
e 17 19 365
e 17 20 364
e 17 21 387
e 17 22 342
e 17 23 363
e 17 24 377
e 151 152 478
e 151 153 481
e 155 164 484
e 154 155 485
e 154 156 486
e 154 157 495
e 157 158 501
e 157 159 500
e 157 160 497
e 158 163 502
e 48 49 448
e 49 50 449
e 46 47 445
e 47 48 446
e 44 45 443
e 45 46 444
e 40 73 358
e 41 44 447
e 5 108 427
e 5 109 390
e 5 110 426
e 5 111 422
e 9 10 385
e 9 11 361
e 9 12 369
e 9 13 368
e 9 14 380
e 9 15 381
e 9 16 388
e 9 17 345
e 146 147 404
e 147 148 410
e 145 146 509
e 143 144 403
e 140 145 405
e 148 149 473
e 149 150 474
e 77 88 370
e 75 76 375
e 73 74 341
e 70 71 401
